71
871
778
318
47
421
299
739
676
11
91
72
37
15
875
898
593
355
748
489
820
979
321
635
299
746
64
828
704
874
716
531
130
83
890
24
661
283
405
634
465
531
720
869
762
250
80
184
339
994
652
708
983
88
321
753
894
322
278
747
8
145
817
25
897
566
85
278
833
97
865
560
150
180
453
590
9
574
59
775
850
539
752
998
577
577
630
33
202
37
815
408
988
68
608
250
574
918
424
27
486
860
731
915
816
578
311
264
127
1000
202
787
483
282
382
128
447
679
194
703
93
991
527
487
433
630
860
770
55
797
110
276
714
295
879
709
169
209
385
542
144
387
408
344
761
707
697
24
684
929
827
782
346
772
793
421
746
715
928
581
999
361
475
876
766
679
249
203
647
501
288
436
183
412
536
857
920
122
550
944
342
88
347
228
222
345
737
965
381
960
506
926
66
828
92
319
729
584
877
369
77
907
247
271
545
190
799
668
644
899
600
527
399
739
655
483
259
1000
259
475
140
305
748
330
604
164
685
537
509
517
46
690
839
789
42
745
978
438
202
331
745
586
124
614
187
556
372
320
135
582
-28
787
291
641
731
965
433
707
224
111
399
539
290
851
809
776
294
272
797
951
867
283
627
163
509
651
535
479
756
494
861
775
48
242
791
269
339
347
85
399
827
651
138
197
155
521
40
568
110
128
959
790
431
263
343
43
463
993
87
873
28
747
281
775
146
179
20
984
72
128
197
715
130
964
475
960
119
797
758
98
806
59
684
839
418
933
543
156
559
300
214
333
375
745
559
267
374
466
390
87
118
343
60
250
576
251
414
911
616
390
865
256
99
823
863
957
400
615
857
27
360
497
50
728
419
485
723
133
977
852
240
613
33
517
806
258
961
510
903
239
923
582
916
623
537
527
5
860
253
810
328
692
71
403
52
942
11
747
497
531
694
347
719
839
461
38
271
534
170
336
25
691
396
931
322
4
418
848
274
945
140
538
224
195
471
638
459
202
378
134
78
231
209
86
470
472
758
406
787
906
294
549
577
232
671
863
210
129
181
53
233
600
299
466
149
285
372
550
617
57
126
636
68
142
231
22
674
837
471
328
894
721
354
714
738
497
520
542
429
355
563
546
447
884
901
504
636
556
67
768
-331
934
465
711
249
45
491
481
359
969
910
689
93
49
401
586
889
563
611
454
584
287
890
331
856
978
957
470
984
53
183
959
964
461
193
308
96
446
66
825
768
353
733
549
459
413
223
105
466
513
572
489
272
983
782
533
639
181
472
769
988
301
349
735
553
204
176
999
598
415
391
861
242
105
113
480
651
353
377
147
664
320
183
996
456
449
273
242
337
625
411
252
158
790
504
765
510
916
67
987
469
66
247
302
25
668
87
470
83
57
282
805
184
116
591
259
692
816
834
425
810
356
488
269
817
974
20
156
558
868
470
109
554
549
845
442
545
382
713
34
183
817
183
498
470
480
770
362
912
935
26
331
157
359
852
886
810
47
878
864
686
85
853
834
90
219
589
476
957
84
372
25
873
837
171
670
581
936
402
892
520
188
423
958
479
321
515
260
331
663
481
837
850
558
804
363
152
663
588
672
161
522
36
759
982
529
595
430
434
185
548
87
992
641
461
381
891
676
857
51
305
784
106
848
45
712
622
335
152
863
669
555
395
99
917
136
331
217
897
956
801
711
148
461
141
316
246
892
142
388
-178
687
409
696
820
636
204
258
777
376
982
14
76
576
37
139
34
431
451
201
124
911
381
885
247
419
529
264
369
424
20
270
137
451
174
169
683
445
739
838
936
500
854
79
150
563
828
184
513
378
226
709
685
16
155
224
575
868
906
753
191
307
65
781
132
404
276
361
884
1000
557
216
750
709
141
600
447
953
483
691
316
971
812
265
146
885
527
899
576
461
787
618
262
492
888
486
205
142
591
107
42
743
503
221
736
607
445
44
841
276
703
538
433
215
181
242
383
721
860
515
552
619
760
145
506
276
870
61
658
965
859
187
154
1
437
401
555
536
900
543
610
362
60
921
962
833
761
178
943
560
327
675
114
104
182
449
174
153
686
69
837
124
653
212
55
863
498
903
865
690
525
693
662
383
813
348
765
791
421
398
190
390
164
816
834
624
943
870
582
38
102
458
811
72
288
316
878
703
83
883
47
714
404
90
40
501
535
37
788
259
364
578
1
976
758
829
963
633
745
572
311
87
591
545
856
606
575
814
210
243
228
154
961
108
205
410
820
130
605
59
68
450
425
259
187
281
202
471
347
853
