4110
7967
1848
2615
8600
2656
9074
930
9276
8659
1870
6373
6001
2519
4515
9503
3764
5954
339
5446
7609
482
8182
5056
738
3822
2226
7278
1627
9739
8313
6745
496
4731
8639
6788
972
4560
455
3073
7327
4575
8137
495
2682
4047
3569
7969
3338
6352
7
58
879
7464
3799
3445
2744
5576
3261
2961
5181
9566
4463
905
1849
6100
3638
6257
2210
4565
3721
5836
1158
2928
7912
3147
3171
6181
6499
4544
130
4684
7509
9552
5249
3029
7904
7687
141
4618
6102
5254
873
7232
8961
8247
3997
1164
4544
9137
3725
6563
6062
215
1556
6874
720
4858
6510
108
1723
3311
3023
8634
8176
9979
6003
7932
3030
4187
3155
8790
1874
4913
5777
8518
8836
232
9680
1929
6481
6952
6338
1149
7769
4853
9183
6817
7509
1474
6288
9913
2495
5683
8981
9454
8189
5152
6793
9314
8891
7637
2848
1697
9892
2454
9961
7731
8093
480
7142
4686
4142
827
2053
5928
3213
7435
1563
3689
1097
4118
9324
8207
9329
5456
7321
2204
1359
2018
6886
1498
468
1305
9655
751
3280
8810
1926
9739
6830
7395
4532
110
8602
7037
4874
6727
6144
6622
2218
1687
9523
7626
8791
8131
6614
5402
573
8328
554
9013
6351
6729
5781
4314
7563
6405
2731
9696
5740
4692
8972
180
44
8239
6042
9970
6820
9663
1684
5663
4593
4173
7620
1843
4405
5305
626
3572
3895
374
6403
3677
5719
6723
3298
6925
2483
4773
4952
236
4399
6303
7851
2777
6932
6628
7489
9854
280
1411
7247
9269
9189
1872
5026
8676
3529
7092
2665
9379
3898
5403
765
543
5475
5227
670
5511
6112
5908
9388
7075
3938
7427
4175
2948
5199
7168
8579
7078
5561
5736
5683
5794
761
5989
1600
6481
5576
1688
8191
331
9546
6073
8301
5453
5431
4101
5119
9993
9415
2631
7738
6968
8362
6481
9019
8474
8161
6905
341
6685
7484
1873
3573
2684
4273
1726
5619
207
5558
7354
1895
6656
7067
3941
102
1102
2983
3926
5960
170
2669
3376
806
5695
5194
224
2853
3902
7454
5618
9178
279
9061
7411
7289
8181
8209
513
9262
1696
934
4174
663
2118
4225
5028
7308
1827
9494
962
2428
6252
7684
3716
3685
5212
215
8322
7824
4406
203
8479
582
1881
7735
4785
547
8049
1101
736
3478
9274
317
3255
5170
7184
4017
2184
9364
2210
2856
2284
4592
9236
8498
9064
7323
4772
9989
3323
8783
196
7466
884
6511
4838
6135
7680
3383
2214
8250
8944
4478
321
7358
7514
3963
8387
5021
5142
3329
462
1699
8089
5785
2790
5994
3470
3834
2170
2631
6080
6632
8045
7425
8228
134
4322
7961
1171
5321
8294
5178
5094
554
6647
15
5306
4295
163
2123
4659
2296
203
9545
412
2025
1190
7472
7724
1032
8834
5555
3860
1341
8901
787
1637
4385
2897
3921
3535
3612
4934
7763
9205
4303
1106
1474
6716
2731
9108
8350
2449
8508
9614
7791
3610
5413
3496
7321
6244
4217
3280
2266
2972
6355
7888
7412
4986
5043
6136
3746
9912
2022
5802
9912
1936
6800
8885
4571
4323
6153
7065
5322
8054
993
2745
9576
4774
1937
2831
2631
1516
9072
6649
6275
5020
9966
3233
4088
2343
6673
362
4480
3169
1033
550
6157
4813
3666
9909
4223
4868
1606
7703
5763
3252
7084
4563
7065
8741
9601
1776
1808
2727
5473
8368
272
3079
9954
6765
2707
2240
4990
6923
5921
6622
7787
4685
854
7198
1192
7812
2530
5522
9366
8146
846
6113
208
8013
3142
5738
9081
6639
3527
2888
513
2954
9717
2449
7779
8616
6889
1417
5726
224
4087
5716
3662
5461
9592
4553
7190
3672
1768
9042
8365
6798
669
5423
1570
5901
1234
8090
2125
3247
5984
5573
7027
6121
8184
4975
1573
4438
2527
4454
1686
7948
6310
7095
9831
3968
9909
9921
1777
5365
6532
6359
4846
6351
4982
7332
6341
198
1186
3336
3168
5270
4607
2017
5931
6499
1563
645
4220
4250
4200
8411
4537
7619
7188
4746
9642
3251
8819
3993
1116
5325
5531
5350
5263
7448
556
5202
2669
6972
9738
2633
9768
2166
2888
8655
4878
3947
1203
2758
2811
2729
9032
8765
5612
7241
8851
3538
7899
4385
1397
9223
284
7590
4288
8802
6995
238
6227
5327
1807
6995
6109
2049
3543
8852
735
1509
8016
5366
7923
5783
8728
4775
3715
9406
1570
4979
7511
5362
8862
5999
6175
6158
3428
2291
8569
5856
1293
5765
3647
3022
6335
4800
8544
4547
8867
4052
409
4518
7604
3335
368
4203
2741
5352
861
9475
7183
5620
6214
2543
6679
3394
4437
7602
6825
1321
7639
8052
8771
8769
6516
7410
5855
8694
8791
5683
8542
4009
3753
5670
6606
5074
9518
2983
8856
1776
5691
3312
1096
5264
8321
1276
8058
2988
5243
6631
7469
5914
3793
9921
3463
2213
2951
2945
917
5706
4581
2006
8173
3945
3235
7209
5970
7883
2256
3614
6003
5810
1231
8057
7073
9964
47
4910
5610
9201
4486
1617
7143
6348
8057
7579
2958
1463
5258
7726
8869
6542
3007
5744
8340
7574
7115
7027
8293
2070
8395
21
2939
2675
5615
9091
2556
9882
882
3736
5197
2887
5080
8756
1192
4498
8516
231
4524
2761
9331
3149
4290
7240
2712
9492
9111
8149
4773
6152
3467
3192
6627
5455
996
8103
590
6640
3791
8353
6719
31
3125
5840
247
9715
5494
6625
2117
1433
3525
544
8741
353
2304
8252
6982
5430
1546
137
6981
6476
6118
8133
8523
8305
4626
2306
8608
229
2718
6450
7354
1366
6408
3345
4406
4212
4485
8204
4497
9620
7021
6351
84
5296
9172
9148
4698
5355
1409
7016
5520
1747
2333
1311
2408
783
9801
7400
4649
2535
5836
579
7494
6594
40
9022
3385
1098
5608
8855
7884
2045
6008
1980
5988
3325
5761
3598
7739
8071
5407
644
4088
5281
9105
3916
5277
172
4669
6332
1213
2840
9565
9350
6616
2679
6650
9594
3188
3689
4707
8502
666
7031
1898
585
5594
492
3835
8069
8939
8413
5994
2162
5859
7290
6728
4207
6352
8236
7250
4323
7105
1790
9206
2402
3395
2440
6562
203
7260
5366
2555
7278
5854
3415
7991
267
3640
849
4151
2693
15
9170
1397
2710
4900
7042
3782
2476
5971
740
9035
3697
7623
2907
9930
3096
8045
4089
7652
8563
6771
6579
5843
5714
4044
5344
7074
1014
676
480
3849
7619
9371
7337
6099
131
9903
5581
5181
40
8010
3112
1854
8393
8549
4597
2318
590
1800
3439
9268
3447
2111
2261
4719
4086
8922
1687
369
4125
3633
6445
9299
2466
7842
3143
9129
3743
1657
7871
2836
9109
8458
6219
7117
6465
8702
5262
9796
2823
9976
2494
5814
8363
5635
6992
5860
7582
9834
2687
8822
5941
6707
828
7307
3974
8921
16
219
5084
116
9964
6524
3050
4807
7473
2926
6843
3718
4316
5347
8999
2994
8825
4525
7666
1971
1384
1958
6975
7041
2861
1414
5810
5310
1457
9877
6755
691
8950
9182
9439
6166
7480
219
3992
6197
4751
723
9500
977
9953
7277
3939
9082
6869
4671
1522
8643
4465
4983
9580
8626
3972
277
248
3847
9488
1108
6830
9285
1120
9508
635
8386
3576
7685
7061
9783
4697
5217
6232
9524
3763
9670
9086
1428
7301
942
6125
3431
5520
334
9498
1714
4249
6344
4043
4928
4606
4828
7322
5123
7712
5186
8374
1803
5646
9869
7492
6914
3842
9516
8482
5601
2101
9330
924
5123
9965
1920
2648
980
1799
3932
4363
7365
384
2881
2014
8639
8973
5298
8700
7969
3290
7147
4370
712
3151
631
8953
5657
1407
1512
6736
6830
6058
9974
513
3147
4195
2727
6038
9917
8523
4807
5973
6942
4012
1316
1495
7831
9618
3241
3062
6402
8403
9413
7380
6298
3360
8039
984
305
7619
3721
2356
8350
6440
4806
6914
4850
7144
2760
3485
9221
1105
1314
2955
1218
8145
359
3576
7115
8625
7526
2158
8122
1935
6627
1504
8214
2803
8339
6822
9934
9251
9907
8291
1253
34
7284
9842
1578
7635
7607
3551
1330
1419
8498
4482
1077
2676
2941
4133
4242
3774
4188
6487
2783
2705
9400
5258
9201
1117
204
342
5828
6898
4089
8576
4871
7244
3799
7973
2232
7189
8744
5105
2856
9950
1802
3325
826
4425
5514
4564
5165
7678
8271
5558
1059
4589
2938
7573
941
595
4376
3389
8902
8661
1057
353
1225
1961
5600
2960
3135
1989
5663
8679
8265
1167
9087
896
8646
2611
6929
9591
561
2899
2068
2877
7195
6168
4411
6326
4736
3655
9802
4925
3161
6511
5485
4680
8861
9151
2517
854
7828
6613
7536
8436
3066
1936
3588
687
2349
9687
5208
1139
8867
1106
4414
4802
8730
3078
9025
9329
7997
495
2583
2332
9152
7989
1747
2570
5209
2785
8634
5595
2123
6809
15
3997
5360
5879
7069
4638
4034
424
1185
4684
630
8080
3682
9529
2405
1242
7534
5018
8264
4653
1426
9246
3584
9899
5029
8059
4672
8915
1762
4499
4487
1350
8048
4631
1486
1830
8383
9666
186
2715
8977
9910
7630
7343
9939
9940
6304
2809
2455
4788
7638
5239
5775
821
6109
2612
7608
3662
5238
5321
4625
3923
877
1152
8294
8707
39
7171
2221
2654
1480
1091
1692
9252
4255
4245
1749
3081
1822
2966
4912
9493
2841
2351
5987
7431
5914
964
1152
5705
4479
6295
7259
5166
3009
2890
9319
120
802
7153
1516
3719
6146
1141
6662
8988
9053
420
9437
651
6468
5814
7341
4063
4759
5643
770
9431
2780
5888
2161
2030
7711
5073
5717
552
2838
1640
5157
3609
3104
8147
2735
1584
5993
9348
259
912
1244
6002
4750
7887
2838
7468
7778
2518
9267
2430
2078
361
6999
5084
863
6754
3659
9387
6323
1510
4257
4495
4773
3401
8982
1487
234
5469
3044
9237
3431
1029
2945
5857
5229
8183
2887
6461
7298
3936
8225
7995
1741
9330
1998
1979
4062
1993
8757
7497
9192
2363
1814
8611
2060
5229
4825
7576
802
2610
7061
235
9398
5310
815
5335
7677
3273
1212
3133
4451
7856
9061
2744
8371
7365
1239
7250
9682
5814
9779
3695
4472
7883
296
1047
4684
2729
3467
9649
6442
7011
1105
4731
7476
8817
5305
5574
2691
1848
2681
6318
1080
6057
1939
4248
1539
246
1459
4036
7966
7982
1448
641
9608
9258
8636
4112
1466
8032
1826
8752
6279
1813
7740
1368
5540
9056
1093
1028
4642
4681
1777
6327
3252
2960
5391
7087
5985
8826
201
8549
3432
981
2504
7523
5803
3949
7382
609
3194
3912
8161
3768
3180
6667
5273
8423
6732
9184
5111
8308
4606
1839
2649
3450
2764
4152
3182
7584
7810
1363
9675
8843
6306
1663
2039
8698
7269
183
489
5407
4799
6723
4060
9149
9502
4138
3709
8012
3038
7204
353
9129
6859
46
9109
5339
7269
9895
6931
5393
2585
6055
1261
5319
7298
6288
1706
6392
8731
1692
5274
685
2607
1590
392
6627
4719
3812
2491
2010
6640
8658
936
6345
1967
250
8984
6399
161
7695
3618
2677
3435
7466
7301
9536
9274
3483
1715
7410
4896
9105
1149
208
4013
1220
2695
3806
8662
4623
7960
5413
8260
5308
7393
3255
4379
7224
4647
3338
8149
9861
8847
9328
7515
9374
9861
7320
5791
6949
8248
9436
9001
2264
2053
3499
348
4259
6895
4977
5684
3807
7192
339
2335
3671
511
6823
4741
2075
5318
6255
8581
5533
6750
1190
701
713
5857
4771
4773
6082
1004
395
7913
7448
9431
7411
9474
3493
1619
1394
9855
5142
6142
4757
3653
1431
8246
4173
2240
6791
4600
1427
5397
5931
7539
3371
9606
8862
2798
5062
6336
7286
275
4705
901
9282
2551
3003
6961
9263
8134
2948
6619
1002
6752
7409
3642
9920
106
7581
8017
1697
5202
6921
5657
9490
7107
3859
8281
3202
4528
2452
6580
8612
641
835
1184
8252
7608
6040
4302
4357
671
3899
6283
5566
2127
27
834
965
8383
7338
6731
1291
2535
725
6580
2104
2512
9522
4955
1559
3131
9938
4709
7794
4058
86
3982
3976
4047
4814
7597
5995
7871
9883
9523
902
8802
4102
6385
6155
4025
282
6483
3003
93
9949
5052
7119
4928
2412
7103
2323
6114
596
8823
7378
5107
572
1940
5837
735
511
3138
7540
9099
5449
120
6919
4363
8487
1066
9526
7597
8896
7020
8917
6405
4418
3859
1515
230
2917
6553
4042
6234
541
4093
4889
9279
1371
4213
5724
2878
1394
9953
4469
9304
983
3357
7828
8511
593
8259
5370
9470
7152
3338
5819
1894
6635
7695
4418
1766
4289
94
2446
9303
7473
3261
9274
2481
4565
9285
2731
5133
9513
7358
1954
8729
7466
2598
721
6785
7609
3822
8650
7680
446
5938
931
1074
7194
6018
7318
5109
5652
4833
3205
2876
6373
4105
7915
9935
2176
1577
4429
8307
6521
3117
351
4705
7910
8696
6067
4070
7666
2913
7708
5143
9566
2823
5136
8174
1027
961
1228
9701
5571
9879
4802
6446
1597
8295
5198
8988
2622
8949
6566
7650
7685
7554
9471
5590
8383
4999
3020
2530
2785
1790
1458
4535
6868
8029
5415
5406
2763
3169
5416
9660
5984
1827
8906
9808
6124
2617
7192
1453
309
4939
6523
5551
7697
6384
7240
6908
3961
5061
307
5800
2714
3050
8881
644
261
7433
6667
2885
6549
6196
4958
8764
5632
2105
991
360
5447
772
6125
6084
6632
962
9775
9613
7267
2333
9836
5861
6969
553
2857
2077
5135
3961
3820
7683
3859
6623
7328
2023
8646
1551
3522
5547
1271
9886
1975
2903
1313
2956
6368
5175
8570
523
118
6882
7036
2635
7984
2646
145
2804
4963
9813
6647
9983
5849
2310
9155
8625
6954
7050
7186
4309
5911
4332
1898
4149
8342
1220
5518
8709
9287
5880
8705
2588
1956
2511
8770
6272
2967
1076
1158
9964
8118
7843
6580
8816
3610
2435
4745
4646
8670
9872
1052
9116
3010
8260
6299
4019
8686
3089
1796
7555
9588
9181
1056
1304
8238
9179
9145
1678
5143
9522
1229
4148
9142
8940
1594
5856
2468
9965
4681
5727
751
1310
520
1479
135
2725
9967
3787
4293
7891
5045
2090
3372
8297
7402
6884
5863
4584
2692
3242
1234
6836
5912
1489
7589
2388
3934
1123
7339
9336
9976
7170
369
4855
8779
7561
5209
2693
9803
9730
4238
3197
5829
9677
7554
6369
3077
963
5795
1451
4648
40
8717
2926
940
1366
2377
7278
5988
9484
1586
2697
1432
2243
8360
2080
3449
6568
6574
6774
9249
8906
7230
5700
7753
2002
1932
6423
8644
282
6183
6567
5657
6188
5340
2548
222
9224
3221
3887
8511
7761
4879
4514
2926
9460
6025
2461
741
5270
9672
6942
5559
6234
4455
5724
3748
1595
5452
6144
235
508
8294
5969
2730
2490
4786
7531
2544
6938
5885
1179
6916
5940
4276
137
2367
4700
3079
4034
1507
8649
3500
6896
9503
6115
2687
1481
6059
558
4055
7377
5646
1902
3700
-9165
5711
6869
8421
9253
440
3120
7654
2517
1222
9995
630
5536
2157
4988
1158
5634
5337
1987
1341
2416
3439
8827
2985
7854
8913
2733
4609
2573
9217
5938
6037
4910
7293
1763
6823
4280
5864
4495
8371
1026
4202
5976
3752
1949
1933
3482
363
2673
1944
4361
9377
8483
3705
8630
2362
1280
8411
9021
2301
7608
1528
8495
8606
6969
3943
1927
109
5655
1814
42
5480
4101
2115
2064
1008
8995
8100
1658
9593
7333
4391
8175
2410
2155
8675
2167
2933
9154
1453
2370
1297
7894
5047
5750
2898
9666
4978
3796
7098
6406
3333
1622
8153
9460
1878
3783
4672
5399
100
4447
5204
1344
4871
2793
9229
7502
64
4946
8494
9929
5658
2384
6143
4635
9314
173
1077
5996
1602
4447
2452
9657
7288
5606
5419
9265
2710
4337
1901
8187
4435
2589
8176
7654
9759
5163
7790
63
7443
3516
5881
3961
5494
8667
4684
6956
7357
4888
4108
2956
7738
8333
7117
949
597
4510
9857
6864
7736
5538
3339
4901
3
632
418
2925
8977
72
1921
6066
5762
6664
7403
2469
1159
1079
7131
7004
2716
698
4522
246
831
6448
3098
6220
3567
6115
5167
3366
5599
78
8926
9815
6602
2277
3229
791
6385
8086
5961
8347
2544
9611
1703
6306
8382
6840
9346
4446
4867
4199
3203
1725
4436
5037
8015
6596
8985
1640
3898
6823
8384
5336
1529
9527
1099
3000
5845
424
36
1480
6459
3502
8096
2631
9345
4596
2625
6434
515
8664
4310
5971
1627
4710
1725
1320
1151
1536
5385
6818
9045
9367
8607
422
4001
1608
4057
6500
1550
8566
9789
7857
9915
9391
7160
6323
7645
6830
676
6360
7747
6557
777
9732
3527
5669
1600
517
5648
6084
4290
6612
3108
3433
6158
5563
5002
5326
7690
2077
8461
7795
3857
4342
6637
3747
6395
5889
8464
7669
1226
2448
470
4402
5440
9803
3082
1997
2190
4488
420
8244
9752
131
3723
8642
5268
6618
6488
6382
609
3944
9637
2867
4
3228
7125
9613
6829
1941
4429
4125
9896
8252
7280
2745
16
4958
7816
1955
1438
5316
4576
1396
6463
945
3103
2229
467
56
6318
8298
257
6056
9755
2348
2969
8197
3622
7297
1330
5043
5288
5577
785
9425
8004
632
1627
7872
4502
5275
1409
1327
8856
4137
7450
309
7699
8375
9872
2234
641
5944
8496
4289
2865
63
68
8230
5013
6803
4206
4880
4454
1582
5050
6819
8215
1105
4566
9190
5174
40
6174
5468
4031
5157
4815
3200
8971
8380
174
898
4230
3003
3105
9672
4013
99
5034
451
2422
423
2308
336
9450
1568
2358
8391
5309
2522
6997
4371
5215
6719
5991
2350
4570
958
4641
9848
3435
8792
8001
9109
6814
4278
7848
7073
5587
6202
6255
4176
5453
1217
970
4325
7016
5154
8554
1471
8922
70
6189
3387
722
7396
1536
2250
9261
4951
8596
6433
3816
9438
414
8807
1152
2896
7513
9534
7525
4601
5014
6609
4541
9894
4963
3190
356
3289
9722
5727
2785
6745
6112
3203
5125
3226
8910
9301
7100
9524
7004
8686
6773
9538
6105
8555
2494
6922
696
2533
377
1364
7444
6217
3003
9336
4419
708
9155
1081
6233
6621
8344
8312
7220
4047
1562
7910
2916
5569
6491
8425
365
4547
9031
9002
9509
9047
1550
9817
6617
6714
1394
1278
4460
2222
731
9421
2127
9509
1736
3205
3067
8476
6977
8533
7515
1985
1672
2091
1127
9459
3357
3995
1403
9717
8192
1576
5623
7374
5330
1378
495
5952
772
7628
6355
8114
289
4888
4841
4397
5528
9122
1061
6288
3985
3798
522
832
3792
4846
4331
9999
4327
9308
5691
8743
9254
7649
4898
3
6766
1560
384
5659
3508
6321
4556
4939
6417
6205
1382
6590
1429
51
6315
9852
6715
2606
7254
9533
3112
9491
6003
6265
5309
6930
911
5230
396
7144
8971
876
6936
2910
7024
1136
4229
2547
8860
5083
766
5377
3930
8127
9189
8462
4992
2165
5269
6337
4002
3230
9347
254
1811
8228
3251
2576
7404
5820
7175
4770
7285
3611
2402
4122
561
5906
8587
6499
9126
6519
6269
2854
5161
9057
4923
4724
9928
960
2881
9347
3441
6278
2709
2450
8145
1798
1405
2682
3702
1544
1402
3475
9141
2486
6801
4896
424
5766
9386
696
9743
8627
514
7634
7639
9274
9643
5468
3576
5455
3348
5752
4137
826
6595
1508
7838
2578
5198
5940
3473
2803
9369
4030
5695
5759
9561
7458
5577
1871
5623
2580
1258
1172
513
1159
3641
2190
7098
8968
5460
6247
2722
9316
7948
3581
4784
7383
6000
6523
5131
1570
2738
7268
6648
7288
1974
6827
622
8325
8872
9409
6261
1676
8428
3915
1885
3467
3585
5872
2747
5069
3263
4060
8990
3548
4080
6372
896
4304
203
2023
4872
9545
7675
6940
8460
1621
2494
9486
1347
3198
6377
33
6105
19
1785
6687
4971
4081
8548
5092
1106
5790
190
7986
7789
3139
4552
6786
5191
1187
7122
8056
24
6860
1
6113
1208
3976
3116
2908
9677
5744
6208
6098
9925
9022
1972
9139
3471
2446
2199
6239
6932
3985
548
2589
5156
8317
1847
1531
3370
212
3674
5539
7505
1982
4697
1334
7008
5302
1220
1673
4992
7631
8690
552
9631
4209
6785
1899
5549
9460
4236
6788
180
4567
6198
7201
2788
3246
691
1892
4732
2422
5286
1916
2885
5349
2597
8736
72
1219
3881
2680
4640
7983
9665
6872
4282
8144
3557
8362
1929
3017
4072
5879
7638
9335
2039
5026
2116
2874
9295
7184
5041
3245
5275
4599
5641
4516
1690
4066
7973
4482
6127
9007
5585
7604
9730
2630
4907
7582
6132
5046
102
4767
9664
1213
7390
3283
5068
1731
6279
8293
2847
3140
510
5167
6636
7528
5073
1584
1517
2913
7594
8104
9083
3345
5830
2755
4729
8773
9460
9759
2721
8113
7417
8060
6582
7993
9009
7344
841
1962
5504
7844
9303
4643
7430
5598
6830
9283
7776
811
3440
9168
9483
5673
897
4737
8260
862
4059
4297
2587
4793
8225
5760
4742
8995
4944
3248
9282
9921
7841
9929
4052
4025
9178
1505
9277
5679
8629
6204
4844
7563
3209
2611
541
7864
260
9492
6143
1323
1050
151
1876
5198
2023
7592
3601
5000
5760
9493
6501
4715
8440
9685
551
7914
6702
7779
6759
6037
8420
7062
7911
4739
1146
5807
4291
8858
953
9039
107
941
348
9602
7153
2595
2120
795
238
1936
3260
7420
4751
1122
6003
3251
8012
2218
2262
5868
7097
773
7999
855
3174
4182
6521
2695
5713
3410
739
4532
8539
8920
6419
5006
744
5179
7335
7902
8560
6013
8390
9690
402
9978
3861
4645
2777
9005
1750
8769
8134
4755
6395
4386
1420
4634
6713
8384
139
9366
3991
424
8644
272
8117
2928
7116
3195
9625
8645
140
1541
7476
3875
8612
2694
6099
5424
432
3368
1666
7925
4386
9954
2476
266
623
3715
2445
9821
8470
2712
2440
1951
5387
5946
9908
1067
3618
5175
801
2324
5670
4427
9353
8137
2969
8570
2785
8008
534
9997
6526
9340
7922
5351
7717
1876
2785
227
8763
2946
9157
2412
2235
4285
2033
9608
6326
8948
6828
1362
5604
4398
9009
1379
7528
9843
547
1852
7954
9568
6542
1106
8510
8827
2937
8326
5978
1572
6871
3072
2886
6260
6636
9799
7363
5733
9533
208
2269
542
6480
3313
3893
5481
6339
401
3655
546
3768
5070
7579
1006
1038
6314
7527
7398
7051
2450
7089
5854
1525
2364
2401
5463
9104
5853
9381
1533
2897
7541
1935
1469
4865
1496
3657
3479
9662
2521
2377
3788
5900
2260
159
8245
2376
5768
3515
6735
4540
2304
7563
7302
222
3517
1282
6269
36
1154
7157
7224
2770
4539
9950
1782
2996
4730
5844
6382
6359
3743
3842
9396
9585
100
6483
5912
2977
1587
1055
3740
5217
5508
6766
2656
9864
822
7996
7356
1884
201
5622
2617
4948
9862
5728
6972
5900
8316
8248
6432
386
3768
9349
8703
93
3632
1066
4285
1885
4284
6087
7169
7133
4481
3982
3200
3557
3051
1443
1608
1628
1111
892
7238
8731
8970
6376
8212
1837
6834
6636
3059
5874
2231
6552
6272
6051
4380
5465
5910
719
3064
4119
513
7764
3660
3630
9274
4138
8561
875
1012
3913
495
6284
7985
8635
8204
938
7169
8075
4815
3154
9081
493
4416
2382
7132
1255
6702
8803
8072
7549
5564
7844
2384
5243
1033
9507
6273
1067
7002
8103
9860
4278
5606
6458
2047
2231
174
6025
2760
459
5480
5503
2839
9445
839
1755
518
7614
6520
7341
9656
505
6042
7056
7859
9012
8651
5409
3963
1579
2300
9229
4428
919
9904
1513
6628
8644
1222
7243
7068
9536
6656
822
9137
7471
9008
9539
9938
2811
1006
6794
2904
5672
7624
6224
8957
6070
5703
5722
7146
4271
3177
8528
8130
8305
9409
1101
9204
2230
3703
2947
4961
606
6525
8443
6107
2302
4591
2890
8933
50
6182
2751
2157
2014
153
1656
7026
9202
4208
9573
6948
1659
4951
5636
3143
2022
716
2139
8371
5968
7765
8389
4764
4794
1009
883
9944
7064
6521
7668
3154
6983
8978
2895
6795
1518
9394
7133
1687
4590
7276
468
1691
2339
4282
3949
6705
6429
3446
4647
1573
6520
3365
3013
1680
2150
1120
306
158
3183
4208
9813
9902
4959
6406
7455
8325
4494
1973
9265
6960
6812
5389
9499
2852
235
7076
3135
2931
5415
3410
7540
5182
4400
3529
1783
8625
4968
1823
2155
3504
488
2346
3505
4924
3805
8247
6739
2497
6432
9655
5786
4895
2275
9847
3103
9795
6278
3002
2990
3762
9498
1157
6327
1458
9341
4343
1551
8868
9476
34
9667
3969
5111
7946
6172
3024
5989
9545
6078
6626
6504
3133
5322
8282
980
4239
724
7692
3529
2081
8575
33
3321
7587
627
3396
3603
8753
5105
2556
5036
4141
269
5095
4447
2948
7450
4175
5500
1216
2452
7355
4796
1498
8471
6261
373
5769
4333
7875
8376
3547
5876
3557
8664
3999
9005
8218
9653
3581
6481
9518
8902
9827
1790
1044
6406
957
527
3308
9621
3167
6634
8098
8463
8402
1043
6307
6585
4617
3390
8668
8695
1262
6866
7440
7739
4750
5640
7798
137
6702
7731
7709
7653
4841
6089
8125
1118
8727
2848
2092
20
1883
6068
9737
2980
4969
4276
3592
5044
7746
6940
4059
4570
9501
1437
4713
1175
4212
5945
3277
9633
2840
5067
1710
1486
2642
3443
598
4236
5304
6495
4386
5917
1464
2453
1829
3264
5619
2492
9545
8491
7913
7627
8387
3268
8125
5209
3298
5343
116
3204
2019
4113
3184
7405
8628
8708
5123
576
4227
9043
7794
1585
3554
1845
7241
2770
8954
7174
4293
3265
4137
9761
3601
142
6986
3002
6240
6795
2127
727
9315
3212
7805
3951
904
7933
8515
2267
5968
3219
8584
9209
6555
7450
4529
6671
9331
9470
3916
9708
3713
2326
1837
3866
4159
8762
2834
4720
6187
117
9956
9636
6277
9941
9853
9342
502
1599
1376
2839
2141
4080
1689
8592
4310
6959
8546
9103
2281
4238
9743
7812
2221
5438
2232
2138
7495
5794
112
1738
3315
6188
2486
3193
4941
6500
4951
7265
2109
7639
8686
3949
1549
9932
9754
1693
6568
5794
2634
3386
9248
8085
2999
3187
2700
8799
3502
1894
9580
6283
7417
8219
6891
757
2313
5786
1424
7117
9361
9101
4209
3306
6914
9056
4245
7627
2911
8324
3139
3928
6364
2547
6860
3256
488
3821
962
732
7732
3697
4628
4568
9631
5624
8695
8834
7999
3388
7506
3475
5710
8966
3078
8170
7439
1620
5208
8416
8747
3640
957
5830
5117
2654
4481
522
3750
9046
3523
281
4477
623
8704
3582
6759
9765
8283
2264
574
145
246
2074
7778
7167
2528
3276
8345
4429
9851
3087
2772
4975
9064
974
2495
31
5234
5584
1284
8737
9299
6153
7246
5813
4279
6688
9653
2182
3915
3228
6442
2623
7921
8775
3920
7085
5780
8981
1797
4608
1106
3389
8444
1323
8298
1206
7369
555
2243
861
9640
6036
1639
9730
2698
5798
6315
3331
9869
8479
2988
912
2182
1370
327
6942
7438
8117
4932
5879
8822
592
9104
8990
6968
3409
7862
8528
3708
8133
8394
5446
6692
6913
5218
7607
3573
2118
5521
6283
1954
3811
4608
2234
4006
6356
7979
3714
9358
280
678
4423
1313
5729
5274
2485
3821
741
240
6914
4239
2561
8729
2335
7437
7852
2327
5500
1764
3177
3276
5403
9866
5207
6013
1132
2751
1763
9458
2712
9797
8413
3389
3978
3321
3848
6324
8055
1389
314
4637
9134
3107
1155
837
5579
216
8619
7676
6149
5930
3572
8305
7591
2983
8335
3014
156
9876
858
3056
275
4567
6263
4317
3266
6994
3208
4401
5591
8477
3125
767
1258
4254
6112
3281
7422
2615
1120
693
9526
4796
6362
1252
3124
4623
2991
4415
620
762
2110
5624
1656
7656
2057
5466
4853
257
5253
7142
8346
6737
3275
6588
3928
3395
7403
2962
8189
6991
5377
6468
691
8509
927
2888
3846
1780
8442
2092
2354
900
8097
7615
3578
7068
3848
2408
5477
5737
2563
247
3347
6668
4877
4487
1438
6519
9641
2412
3324
8372
6047
3262
9008
3921
4712
7522
320
2908
7493
8818
2833
3030
2009
3432
4990
183
3624
4700
3256
2255
2551
2775
7223
6084
2514
6004
9215
5645
828
1426
478
4682
5121
2168
1489
9821
6088
9094
6246
1513
6756
2563
4141
1637
5178
1624
4999
7069
7676
8425
3440
4726
1300
8491
8314
2604
3948
7719
5582
282
8730
6745
5639
2052
7994
7109
9130
9604
2867
3415
7501
2256
2939
9493
3913
277
2070
8627
4410
2370
6554
7283
8211
531
318
2631
670
9559
977
3908
7473
1553
1830
7013
3773
4344
2877
5113
6559
8491
45
3914
3721
165
1694
7083
2219
2616
3747
5053
923
1497
6676
270
5156
5800
6265
9438
3402
5115
3491
367
7451
9190
613
9561
4849
457
8191
4216
3861
6421
1435
3651
3565
5996
3424
3225
6070
5364
532
9993
4285
7288
4367
5198
5190
1132
890
3109
2720
9130
5190
7581
6704
4974
2618
4106
9929
8554
9636
8934
6990
2663
3360
8949
5486
2953
2470
7219
7166
6797
7614
7052
3220
7185
6958
3399
8223
8032
6516
9632
3108
4313
7232
9777
1108
8092
4041
5564
5337
4432
6191
6887
3199
3395
2928
5653
8271
8479
3380
9453
7270
694
7283
2041
5013
8314
2663
8382
146
1146
4572
3794
9307
7821
7043
9679
9611
9652
5238
7554
2292
5040
7558
5008
8700
4784
4032
5238
8165
4836
7726
6748
5876
6003
7625
5925
4292
2133
1164
3909
2979
2158
7908
4384
3769
3496
4132
5371
2040
1819
5478
4897
8287
7900
5115
5828
3097
3359
1442
5310
2115
1098
8951
2610
2795
24
1491
500
7988
6855
6626
1442
5397
2175
6034
910
8577
9967
2951
6633
2881
4341
5115
7741
1214
6633
7027
6055
2411
4727
5341
9007
174
4759
8709
-4101
6687
4619
7462
5546
7609
7812
477
5240
1950
385
2378
1215
4728
6678
7344
8797
2713
2053
5388
6441
9827
5083
3218
8189
2644
4169
8658
9869
634
6637
9338
4552
2164
8637
4613
9658
649
9104
4849
4939
2657
5657
4462
6152
8449
2256
9218
1484
6436
1535
4554
2794
3189
8486
27
522
9930
6395
4599
8189
4186
2689
9722
6543
4590
2436
5748
8089
9989
9551
1201
383
8466
2650
3412
9612
5008
5155
9746
4040
6454
3335
7195
7300
214
8654
3667
3010
4047
8128
5342
2819
4338
2648
9051
4254
7105
3331
6199
4138
691
7349
3250
3929
2629
872
9071
5617
3211
9458
2084
3975
7235
7938
802
6426
3610
790
5374
7066
408
781
7278
3651
5223
9332
2191
7146
881
2879
9203
7682
311
6069
4136
4059
7934
8248
3507
6297
9955
5792
6620
3036
1184
1764
4451
6033
9334
9732
1584
3796
7994
7733
8232
4960
9308
3850
4732
3829
5714
3467
6971
4421
7412
437
9783
3771
6209
9390
4725
1400
6559
6339
6798
8043
351
9616
7731
1964
2318
1466
2157
2646
7639
8989
9474
9423
3191
8638
6932
2677
6553
9436
1043
9558
4559
4391
147
4860
3682
268
2408
8691
4192
2237
1117
4905
9589
4586
676
3153
9477
9614
4696
7539
7221
8680
3359
4755
8953
9219
5579
6397
5896
4677
9151
7738
3148
6913
6527
4146
7669
297
5632
4110
8253
7923
3950
6440
3654
4278
317
3778
880
9762
1255
1535
3542
7114
4803
3858
9016
1103
8279
6865
5652
1242
9604
933
1773
8501
2304
7489
3710
1750
4497
9181
8328
5033
9701
8798
7510
9897
8351
643
9010
1595
2204
6414
1936
2968
8403
6637
4664
6213
6586
4869
4993
6192
3125
4474
4681
4472
2570
3037
8625
3769
5488
9939
9797
7827
1318
861
4361
3671
9904
8665
5375
9822
6955
645
6342
2853
8562
4395
7244
5400
5353
7405
371
6746
2215
4686
8210
3374
7873
3083
9298
9238
7104
7701
6441
1829
4852
363
7700
7123
5171
8872
6972
9117
1850
5926
4267
4549
4196
3182
7513
1437
6200
4350
4111
6380
1484
5477
5564
4107
4280
1630
9397
8127
9350
8646
6567
9395
8373
3931
137
3217
9564
4516
3741
701
5835
4007
6821
5853
1981
2427
4946
793
9899
3755
823
6523
4698
306
4172
867
8500
1385
8991
8058
8772
9707
964
5793
3275
9250
9085
6646
271
3344
9525
3873
8723
7483
919
2497
658
7125
7084
8590
5845
5447
3216
2843
5620
9338
294
442
4601
4706
8450
635
2896
5160
3556
5859
9947
4802
4629
3397
7665
5281
3081
5407
3718
7222
7381
1684
8214
8001
6954
2353
8427
6904
3839
7950
8959
4801
7293
8276
507
8429
8083
2165
2093
6816
9290
4812
6776
8209
3299
3058
8661
3434
8125
6730
7800
1068
7682
7530
5661
5235
5937
1766
6833
4849
2694
2475
2542
6938
6565
404
6910
6428
982
4620
9776
9384
7435
2354
5271
7425
4989
8514
1280
9696
4243
9909
1916
2818
4708
6583
6524
159
4836
9793
939
8055
795
7011
4181
8170
7539
3344
3253
5940
6320
7589
7451
5780
1290
6327
4061
2424
5765
3912
9268
4615
1442
1302
8216
4234
1214
7008
5494
8632
1208
7110
1581
1404
5808
6092
3288
5141
4923
5386
9781
2554
4787
3859
9860
2328
4123
8848
3468
7977
177
4489
2519
1730
1900
3183
2366
2874
5124
2441
1039
3458
7600
8969
426
6566
3771
5737
8123
7086
1376
5592
9362
9905
4613
587
7679
951
4228
4706
8968
5032
6755
3848
8493
5367
9013
5750
3042
4709
5242
3285
2715
2003
3473
7005
6935
4871
2894
3967
9683
5866
3783
8092
9024
749
5128
7872
1246
5029
6326
3983
4407
6842
4769
1210
2952
5591
7298
7101
2858
3503
3668
9720
4063
2845
3311
4424
3288
4101
1551
5841
1091
4893
9539
7611
4914
2738
3617
6439
919
2248
6568
604
2203
3681
9709
5169
5486
1225
1335
889
7272
9452
2406
5927
4926
7637
301
8956
9921
5587
6592
8628
6464
5258
3609
8409
621
8276
661
9074
3037
2866
6571
1581
2377
9619
2733
4852
3394
6239
167
7358
4129
2000
324
2373
4764
6590
3503
9071
3493
3462
311
4331
2573
3462
5724
1866
9733
3671
4166
5768
1573
2279
4710
1109
7749
4227
9652
149
1176
8926
4390
2048
3881
8144
4178
1078
9854
2813
9642
3491
5593
3280
7863
9515
2558
3636
2817
1954
8238
7776
138
6250
9985
9005
8330
7258
2419
9989
7653
296
277
5273
5049
2483
7732
9502
1876
4479
1607
1094
9330
6669
225
9143
4147
8966
2567
1370
8891
4757
7516
8161
8484
4350
5927
1542
2270
5391
1014
6413
8742
6129
9020
4165
1572
3466
934
3120
8046
9027
2299
3772
9674
3921
145
6669
8449
5715
444
137
3775
8710
7986
8544
8263
8936
2634
7830
5476
407
4867
4431
90
7029
7265
9622
570
6587
8594
7257
9012
2391
158
5652
3207
5219
2925
3400
4884
8403
2754
4872
1073
4299
8885
7392
7033
8427
2223
2771
1344
8552
9774
8447
8276
599
1257
2031
8272
217
5821
1981
2906
6334
6453
4113
2252
1479
3160
5995
6960
9740
6556
4489
1476
8935
4105
8725
2461
7307
3785
8335
7927
740
811
1378
5978
7036
9670
2901
5705
9255
9307
9216
2708
6844
2755
7321
2318
3025
8055
4986
777
6770
1407
609
7852
2365
2402
3156
8854
9981
6220
6206
909
8160
3198
8155
1599
823
2430
1180
90
3483
7839
6647
2663
6166
6556
1406
8224
7845
2670
6202
4914
328
6109
5235
3118
7138
7315
1119
9610
3796
4924
7606
8341
3041
7514
8702
4055
9821
1669
9575
7222
3767
8031
2020
6805
2336
4485
9268
6551
3910
2321
685
849
7394
5564
3813
702
4186
3090
940
3756
8468
1326
1177
8963
8985
7316
3023
6038
737
2877
8795
9250
9712
4253
9549
6147
7660
96
2001
7174
2106
7347
7641
8297
5205
7088
6168
6847
3466
6913
3550
8288
4802
9109
3339
7820
9181
5696
5634
544
6583
1596
3548
9665
8810
1086
4821
3510
9296
9268
2871
178
2403
8554
9520
3662
3796
4939
8371
5637
6068
5269
3929
4601
625
8693
6833
9108
3232
5057
4939
2233
7812
8661
8349
9224
4201
2805
1808
1600
3488
5698
4874
2798
1463
6088
2024
8132
6659
8787
2600
7622
5037
9185
9201
2733
8726
6515
9023
3486
3752
7725
5599
9349
6251
9101
499
1786
8529
792
1090
502
7999
3072
7071
7151
776
2514
8820
3343
5239
507
8620
1971
3064
8315
5210
9439
2132
929
1913
1807
1576
4358
6656
9656
17
2294
2865
8380
4646
5145
3951
8413
6577
6385
5562
7177
9067
267
361
4803
9779
9383
2450
5074
5371
3909
3400
4211
3968
3605
1106
9658
1556
2129
1844
2214
8649
2263
189
242
1467
5293
3916
6375
4315
873
4063
8127
1460
4249
5657
3012
7660
236
3935
903
281
3204
1712
3725
3837
8611
943
6436
8863
2722
7406
5059
3559
4497
8025
6431
8438
9272
9563
730
8560
1052
9121
7029
199
558
1674
6806
2549
9005
6103
3093
389
2827
1189
4097
2431
5101
8707
5360
4111
9964
9394
5203
592
2105
1433
9607
9738
1054
7746
8744
2740
879
3173
2176
8616
4015
6622
1694
9283
4910
9645
689
7909
7264
6475
755
6187
3113
4884
5187
1558
9989
4837
3466
727
388
4546
3551
8042
2082
1476
7367
3724
501
3998
8052
9227
3711
8171
1358
5913
3716
8374
2079
2363
9861
4982
8823
3940
4027
7075
9216
8969
1151
9673
2572
4529
3301
3528
2491
7083
8969
1045
6921
4924
6834
5665
228
611
8164
6500
8619
2427
274
9798
8817
2461
1727
9818
1121
1742
5765
1863
2476
2444
8239
7860
6558
6753
8481
4063
4062
2818
3639
1706
8996
231
3435
6818
8405
9366
2144
3086
4153
8398
9468
9376
5886
4909
8578
3147
5733
3326
9149
5602
8778
9939
3609
3464
5074
3627
5914
3994
3133
7985
1392
2565
8202
7217
2307
6805
9418
7062
2296
8923
5612
7301
2790
9898
9944
928
6418
3438
3079
5080
4390
7881
9727
9074
3680
8651
3725
9476
582
1438
8315
2573
6952
7708
1777
4942
3374
9965
279
6057
5248
6720
3561
1652
613
8181
6851
2538
7874
309
7964
319
1444
6623
1711
1741
6825
2768
115
5071
2521
6286
2989
5786
8306
289
1420
9139
8464
8831
2002
6657
860
2402
6866
2928
1851
4200
3540
3839
2776
3398
8422
8071
9692
2073
2957
5704
2968
6380
4985
1681
7077
703
902
4860
8659
5082
9070
1060
8366
9006
7100
3955
9855
3412
9500
6893
3919
8340
9023
1939
4918
7748
1306
4804
9585
9851
589
2998
9169
4641
2833
8733
4480
1253
747
5382
1583
1418
9645
8291
3707
1199
6124
7908
238
9978
9500
1821
66
7568
4471
9353
6720
2403
5612
7019
9975
4649
9380
2621
5032
3733
3857
4344
2301
7316
1663
3054
9690
9174
7708
6535
540
9398
9620
5782
1613
3048
1220
1319
7018
7838
8656
5111
9948
6472
5377
8544
4706
2998
7798
3664
576
5818
9019
8645
4529
8431
6903
471
9335
3136
5567
2401
7043
9030
4664
2445
1120
1666
570
2732
2698
3
7999
3679
7148
9205
1947
9766
7591
3975
9526
8146
6510
8822
3861
8088
6238
507
3830
1828
1419
4189
1658
9879
2230
6677
6701
1135
6331
4317
6240
978
4246
83
1976
8951
6453
2144
8655
5905
3129
735
7561
8888
7094
1084
3425
790
7578
9323
7489
4411
9290
8882
4129
2413
4008
1524
5126
9359
9761
5931
4044
797
723
7617
1246
9697
4267
6219
2162
8293
9948
931
2962
5190
4460
8128
5109
8258
2536
3716
5100
7998
7208
1218
8231
8645
3710
5802
1480
9873
1287
2642
5360
4415
4212
5682
5734
4675
498
6332
662
2807
8357
3495
7126
33
7283
663
7219
1808
7837
5114
6826
2002
7673
6481
7970
8246
922
2233
4903
1256
3937
6661
5042
8463
4797
5338
19
959
7085
9942
3361
4011
5079
3230
2232
491
1857
9283
1681
3605
3916
6880
3007
3227
384
3635
8981
5169
3842
2357
9382
2746
7587
6200
9780
2766
7458
2556
9498
1930
3666
5966
7749
9284
4806
4605
7101
9544
9400
4874
8113
9556
2377
9883
4832
6765
8050
4348
948
876
4521
4708
2857
9481
7920
6463
3228
2866
1080
9709
8446
5784
3699
5798
7208
1238
4470
7944
2168
8526
237
1247
9097
5074
7416
7871
7825
6700
4899
593
8675
523
6932
5480
7045
250
2349
143
2525
8063
1266
8592
2500
989
564
995
7228
1190
8796
2802
5278
1904
6915
7942
4236
6338
9134
6495
2549
2652
7447
2388
4455
865
9798
5541
5598
5650
9311
8170
634
6823
8788
9771
6687
7676
1419
378
3975
6199
6811
7648
6594
1634
7024
7155
4461
8073
5278
8369
4352
6945
1489
4251
2610
5730
6963
9937
279
7795
4647
8086
5497
5969
2787
8992
5988
8683
9946
1086
7691
7293
1399
8358
3385
6679
5766
7178
1490
1290
2300
7174
8568
446
663
9081
1001
9555
5103
5486
3589
5042
2188
3606
6877
7086
4194
4387
3335
3005
8887
1763
7502
5853
8997
5719
3110
1157
1882
1727
4814
9433
2012
2533
7454
1737
2859
9682
1872
3895
4511
2768
9403
6371
1408
1806
3674
5908
9317
6281
9195
8773
4036
5101
8483
5514
2199
7416
1790
5886
5216
8615
1957
8139
5795
8384
4489
4948
2802
7850
7771
1186
4518
3373
4654
9961
8472
562
3396
9863
944
2246
4948
3241
9909
1697
4589
601
5347
9709
9733
327
9387
6885
2747
8803
2516
235
7562
5397
719
1094
1534
2297
1864
1655
9025
5898
6936
8198
6686
3866
5960
7598
4327
4171
528
2321
5618
5485
9373
5481
7134
628
8816
8013
371
9413
9539
4172
4120
4958
6232
9624
9326
6863
8426
4466
153
7657
6548
2447
8606
897
9536
7364
9336
1760
919
9619
965
2234
439
3873
3390
9946
5444
6387
2931
2838
5557
2965
9796
4164
1039
5446
7869
937
8111
1619
6969
4073
4288
6207
2135
2449
1372
172
6250
9260
7391
1049
3898
2021
7975
8040
1688
3930
9800
8315
7998
3322
8397
7466
3461
6875
3177
9139
8384
4842
1355
8094
2070
9152
8095
7084
7613
7405
3920
9964
562
3315
4876
3017
5205
5634
8257
3556
6496
9435
8131
5977
3208
308
2767
4288
1293
4375
5609
9555
1884
1863
8786
631
467
5184
9318
5609
3460
8217
9009
4086
2003
1113
3986
8950
4649
7747
6439
3175
9035
9200
6568
1538
9045
5192
6624
1467
1728
6508
853
1210
6707
5379
6137
529
1013
2638
8537
4538
2832
8090
98
4751
3105
9954
4196
1397
988
6783
8735
1301
1869
5293
2298
8088
1993
2570
306
5823
6739
3310
4527
1885
4714
5890
7379
4481
5968
7134
1179
355
613
9107
6584
8634
1362
7282
3095
1592
4257
1095
9388
6707
9849
8533
846
8049
7304
3471
5931
2895
3161
9905
7644
4270
3238
137
1812
6203
8775
5893
3810
5033
1879
6905
6437
2668
5991
8669
943
341
2972
2641
5090
2117
2884
9374
2232
6512
1190
6859
3327
2224
2935
9192
4176
8771
1225
1051
2208
8802
798
5732
5488
3646
2458
5343
8191
553
1831
3430
7520
4606
1841
8864
8662
2991
7633
4762
411
1225
5336
9345
9872
614
2577
6041
8303
8462
6681
5212
1372
651
8154
2434
7226
1304
3666
9482
1258
4644
8771
1843
3469
5417
4388
8281
6651
2356
1157
5519
780
8337
5424
4117
3108
8036
5210
9270
6940
3445
3576
1137
9755
233
1151
5298
3812
4042
1028
7741
4648
2211
4674
118
3932
5001
553
8879
4309
121
7139
8879
2720
6666
3747
3611
4670
6111
9943
2308
7356
3708
4652
8718
1489
2609
3696
2120
5361
3752
6226
6828
8623
5175
3830
1316
4783
1715
8388
9399
3544
3153
8528
6959
1145
442
6773
8568
8755
5450
2043
9880
1011
5029
1111
1381
7011
5799
977
2071
3254
6006
3041
1388
7442
7063
787
5089
347
7849
9786
1540
1081
3361
1936
4851
9451
6915
442
5424
6373
7595
9514
6196
3429
4213
783
9276
6676
8783
2392
8181
3911
152
9221
880
5045
3301
3246
8770
9123
1456
5709
3162
4059
1133
8326
4767
6876
1499
5831
7382
8858
2035
5066
5405
166
4785
4935
6119
2040
6716
38
1236
2360
9603
6931
2124
5485
613
8554
6345
6397
2125
994
5246
2195
3129
5590
4279
3726
7909
782
8286
677
6889
9884
3543
3529
3772
2866
7193
5299
3171
6242
1530
4589
745
893
21
4397
5309
220
7962
395
5235
8653
2547
9267
2728
117
8847
1846
2054
964
9357
4203
3023
2807
5574
2563
5177
1382
6294
6394
6887
4621
2969
6985
7456
4296
2047
9001
8639
6136
9899
8034
166
9970
7070
4817
3887
1063
1146
5656
1872
5950
5078
1087
7114
8588
5694
2840
1151
2854
9363
3808
9197
6670
438
4562
6123
6857
2812
7253
-4831
7761
8831
3270
3338
8822
9826
4096
7649
2799
9150
6663
3753
7550
2765
8421
9101
2514
8130
3292
2415
182
8003
6554
4073
5526
2229
1674
5326
3346
4163
2694
7139
1963
5626
2330
7091
6251
4467
3893
3011
6417
4781
9497
179
3993
471
8673
4109
3979
392
4482
9102
9402
9563
6330
8974
3372
314
8821
5086
3465
8981
5871
2780
4636
4255
8852
5158
9270
1910
6482
6793
1170
5789
5872
4084
6356
4919
6168
9582
1131
2418
2287
977
3525
5470
6278
9137
610
2985
1945
3597
7584
8776
516
9681
9797
7652
2246
9381
9916
9662
397
7862
4150
1840
3729
9839
2721
7778
8413
7828
711
3590
6535
634
4285
6000
1665
9958
5964
9797
5096
7057
3837
384
1706
5620
8588
3147
3141
4102
2175
8368
9322
2127
5312
187
8896
1896
3654
6427
3844
7426
9890
8470
7758
2575
5925
5062
9056
1872
2831
3476
1959
7916
7426
911
9716
7418
4693
3913
1364
3420
3764
2239
4155
7416
1557
2850
4624
8180
806
8599
2658
6397
6145
1223
9976
7955
1361
7075
4709
1573
4783
1417
6154
4468
1285
172
1270
775
8707
1874
2633
8011
2000
351
1446
9124
872
665
6
6661
5076
697
4057
1528
3464
2413
9576
4266
7813
2796
4982
8422
3679
2263
8629
4268
2600
4872
5668
14
6235
2026
1430
359
1941
1701
2158
3864
3646
612
9910
4801
7910
9733
7407
7576
2250
7308
9411
3401
1973
9940
9734
858
4227
4916
1131
4297
8929
1113
6419
372
5872
5525
16
3061
3097
6788
2344
7528
7562
2711
148
6763
1198
7312
1816
865
9083
2792
9933
2882
7349
9232
5850
7043
4800
3426
290
7789
51
5251
6806
3837
9031
7831
8907
1079
9342
4593
9558
4183
8033
7622
5108
4438
3970
1821
1254
3702
176
3077
954
1019
7625
7954
9173
5509
3626
4326
3308
2270
1297
1048
7441
7532
6948
8324
8074
595
7402
4319
366
6554
2086
2741
6025
7881
1333
7952
1759
7660
3869
7799
9501
4966
9365
7041
3035
5590
1492
9028
2509
4254
4513
6143
1273
4710
473
1328
2451
6524
9360
3474
6163
6389
3326
3591
9017
7093
3851
3614
5239
4967
6693
3249
7484
2969
2621
5662
8720
5000
8755
3120
2315
7043
358
9385
2465
1934
7053
5902
8024
2854
8451
9775
9274
187
5757
5602
101
1215
5527
8763
1584
9706
365
7065
9913
9383
8998
5839
761
8159
2506
3438
472
1536
6484
7500
5437
5225
7650
7988
3182
6245
5113
7626
1958
8337
9494
4696
7284
6364
335
2441
6448
6186
3288
1457
232
7525
2210
1720
1465
9904
6285
4866
9146
6361
702
1676
1425
1579
1932
7540
1593
3389
7253
4645
9211
4203
2893
4750
3273
3695
3830
9982
7450
5355
3803
8015
3503
4485
7046
2524
2980
4399
8066
9376
2018
2099
26
9820
7906
2024
3280
3684
3036
5155
8074
7494
9069
268
8071
1032
9719
1403
8720
1118
4162
8256
777
3877
336
9053
694
3807
3999
6736
2667
4795
2071
7520
7403
4288
1891
9235
9346
4726
2124
9209
7182
1265
2241
5993
6616
3338
1283
5319
1873
5548
173
4014
3111
1240
5857
8079
7191
4278
4941
4326
7852
6761
1852
8038
5269
1501
5272
3985
8917
7007
5917
9301
1124
8169
9114
966
1523
2280
6625
1540
7981
8476
1630
9449
8472
8236
3188
4193
6811
9860
2370
5446
4858
4044
6180
4407
7612
4454
262
3317
8670
5219
1187
9370
8032
9922
4332
7062
2717
806
2869
4839
9256
4547
1513
7556
7297
1381
6429
1830
4119
7085
3650
6756
3544
2473
996
1753
2628
5231
3360
4980
4592
486
2466
796
6294
7409
9692
5774
1753
632
6994
9237
1782
8100
8626
5988
6022
6567
1810
962
7312
3734
834
1491
8331
1285
9232
1679
2001
5821
2122
2514
7759
8972
5149
1647
7322
1465
2716
1026
6331
8498
9757
4336
3307
884
5838
7101
986
9862
5621
7514
5272
3267
3029
4056
6870
9138
7291
6462
2535
8115
328
2130
3841
4729
5738
6360
6000
3646
4498
5397
1289
3687
3018
1950
9579
7030
9520
8818
3457
8742
2091
6752
4164
1094
8815
8806
9630
4197
2203
9032
890
326
2559
1193
3431
2128
9018
5657
7931
6229
514
5228
7636
7133
7581
9426
9290
78
9996
9896
8976
5706
872
3370
7145
6406
5380
643
9383
6706
1266
5043
1486
3529
7858
7547
3288
6999
3204
424
8017
434
6110
3034
9843
5558
106
9616
7692
1729
9543
4114
3099
9752
7984
1019
3609
9604
9593
6401
6196
5629
1429
9905
2103
1921
8341
2204
2037
7472
8491
2296
8533
7527
3212
8676
9399
5192
6756
7549
2341
8994
8692
2518
2661
98
1910
6647
2506
8822
3777
9556
5034
1306
3864
2376
9946
6721
8780
2063
7733
705
2498
909
9484
9915
6160
6894
3799
2533
3216
5627
345
5910
3735
9173
6834
3310
2207
6994
591
4751
9088
7745
9804
7836
974
8523
8921
7565
3708
5048
3530
4844
2910
8683
2104
6047
7004
6428
3685
914
7922
1760
5853
4464
5236
7686
1943
9022
9615
4480
3931
8324
4411
7244
2718
3113
1437
8718
1161
6602
1976
4333
616
7686
6995
1447
2750
9913
6294
2673
5
2355
5998
8846
4451
1972
7744
2043
8904
5415
3274
7957
3284
8344
965
1896
9157
3171
4839
6774
1518
5483
8836
9568
9268
8819
1845
1187
1826
5164
4257
5698
4748
5212
183
7195
5232
1191
4158
2937
4296
9645
4852
6502
3788
9392
7154
2907
9733
3376
5296
4805
2653
7764
7237
3557
6337
3991
679
6277
2152
1117
5585
9778
9789
3473
9763
58
6936
7005
8594
1939
9596
724
3424
774
6649
6031
5350
6470
6913
3794
1966
1185
392
4330
9342
5938
7092
8246
2574
5840
2372
2575
8267
5718
8509
9142
5540
6688
8112
4904
5665
3855
5799
1136
1859
2009
6894
9865
5270
6048
2494
5998
1236
1517
7796
7745
3747
7705
1729
9524
9198
2408
747
8695
7906
4690
9168
4382
9982
1215
8650
1454
8254
9758
3502
1589
8417
3987
6895
4915
5765
1531
1391
5944
5813
7165
6918
9627
8329
2878
1771
4805
2139
7777
5743
2024
554
8377
1865
2287
3543
6349
9932
4787
8189
9031
9316
9222
798
2632
9487
6656
8616
3052
5465
5444
902
8693
8192
4383
9602
2647
4662
8348
7369
3631
1605
6710
2919
8064
2797
107
3441
8300
4456
7898
1634
7612
6798
4361
9997
6828
1444
4789
7905
8038
2720
9718
1994
3209
360
2046
2308
6774
2840
4367
5707
1590
4369
3110
9198
6251
1151
1112
1202
8418
5027
6695
8322
6066
9119
9776
8371
4036
9249
5205
8822
9262
998
8258
9495
2974
3424
1390
2931
9375
3698
7328
8534
4507
968
9803
6226
5454
6947
664
3723
1458
3426
5183
7392
1164
6380
8497
3860
4547
2522
2036
154
8968
4482
7868
623
614
8494
8371
7777
5351
3226
1973
5038
6241
3372
6602
6199
5068
7871
6464
275
9616
1335
9173
8832
1055
8185
9662
7604
3116
8803
4311
5266
5623
1846
1032
8967
199
6196
3887
6884
3202
404
8384
8359
3500
6771
8486
2178
4345
7988
2068
317
6033
5352
3485
582
991
8153
7388
4887
181
2464
2689
3248
6880
3574
9161
371
4916
5496
665
7071
9444
2563
5830
1380
7232
895
7011
3046
6267
3577
5512
8188
4871
6008
2140
6775
6416
8288
383
5824
4226
2965
935
3834
3399
2823
1045
3895
2369
2972
6610
9879
96
1644
7067
2362
545
6326
5350
7607
5764
8127
5680
389
1816
5466
8517
3398
1205
3395
4699
7748
8069
4662
5452
7203
511
8141
894
3447
1074
9798
3648
5950
6731
338
5059
1165
6995
1242
675
7193
3176
941
2016
8908
7495
1940
4733
2392
3138
8182
3460
8023
6435
8663
6036
8368
7229
2443
521
2854
1867
937
8567
5114
5817
1018
9346
6129
4715
4913
2188
1057
7725
180
2924
3365
4967
6425
4759
1407
5469
636
5262
9501
145
4348
5636
2804
4981
6550
2186
8777
1329
5688
4745
3039
3565
9144
108
1674
1596
2573
7319
4866
5269
5051
1031
9331
4735
8860
4872
3633
1256
8218
8605
8425
4290
5769
1200
4899
8970
5457
2742
708
6599
457
4957
2639
1372
271
2948
6427
9145
4340
8968
1040
2308
6084
919
875
6384
3907
4195
5297
9207
8435
2293
8368
7626
2178
3658
9409
3041
1744
6559
6106
321
1103
3284
9232
9465
9779
3136
1257
1992
9976
1858
6656
1696
899
1822
1985
8831
737
9868
2292
9456
2235
4569
2150
7709
731
760
7619
4334
7257
5417
6273
9683
2926
8116
5157
9385
5257
2323
536
5933
1471
8185
2500
6347
8077
7266
9513
7201
1370
8664
7997
2853
9080
2815
8975
9135
2377
8094
4620
5220
9213
6106
59
4769
1993
2369
5315
896
7140
7552
4124
810
1340
4129
9442
1017
4614
8037
8646
6281
5041
522
3056
2778
8475
9145
6719
4692
46
1199
8592
8552
3651
8629
3725
5471
5990
3966
2988
562
5529
860
8249
4644
1443
2016
2430
3024
2561
5612
6254
9930
5580
4887
1
1413
2251
6700
5785
5153
6255
463
1204
2894
8700
7662
2410
1361
4648
2607
9542
5698
3500
1163
1442
3536
5895
4279
4634
82
9122
4331
5811
1531
6574
8962
6997
9464
6938
892
7298
217
6656
8739
8251
4841
7087
9080
3032
7420
5923
313
4276
9045
1184
7682
7612
7281
9774
5788
3564
1683
8638
9558
5738
3085
1435
4175
2910
359
540
4862
4622
3375
9478
1054
1289
1198
5758
4329
5273
3667
939
2159
1675
2334
7162
5651
651
8059
9211
8914
3800
2056
4505
9185
134
9013
3959
99
9619
9656
9414
8260
5569
8057
3491
6916
9634
9185
1901
2563
7650
522
1028
6885
8126
1650
2509
2627
1458
1314
2818
9662
9936
2197
150
992
4813
8600
8374
1985
2933
8909
2235
2818
5231
1339
1052
3770
1467
4741
5281
1579
1543
1845
1650
6880
497
3445
3917
9781
2983
1338
8967
8307
8730
2542
1834
7943
4785
8664
7996
5757
7114
4890
4080
3134
5851
6103
614
7763
5303
9679
8717
8277
7724
9112
5833
7219
4056
8698
1360
271
6732
9176
6286
3926
4281
1062
504
3929
695
3819
3373
1212
5301
3140
6777
5179
8266
9954
7827
7300
5162
1522
9478
1557
5316
8680
3421
3955
3320
7735
6583
6116
6
5230
1771
9786
9713
3890
8997
6508
6707
6132
925
8898
3530
3215
8297
3549
2144
6225
4361
5792
5160
9491
7872
1231
6900
2071
9026
3347
4948
9533
7097
3095
137
4066
1170
2499
9063
4885
2068
4674
3688
4263
6480
4514
4190
7455
1252
215
1441
2551
2602
9084
4150
8582
7694
999
8752
7467
8492
1160
2624
883
4631
8750
2968
9575
4407
3110
254
9621
1770
6209
4796
2825
9307
5920
3315
3207
7727
4590
1488
2488
8076
8299
6135
8031
5636
9329
2764
2455
4064
3973
1153
1659
2616
1915
3880
321
5854
2758
170
5603
1882
8427
4465
6620
1040
3073
720
9516
4030
8871
6578
9288
6801
6545
863
5041
7143
1825
667
1631
8064
7726
5497
1961
6494
6436
8462
7140
1531
3927
5279
2326
1465
261
8988
7942
8756
824
2198
6322
20
3748
4715
6363
9423
1987
4531
3025
2171
1242
1827
3575
4337
984
5262
8899
3869
2635
4907
6452
3858
862
4354
7552
9226
4915
4960
2393
5643
3449
1051
7180
6598
6570
5695
3430
3112
8292
5382
9570
4563
2770
6982
2675
1031
6374
4932
5227
4666
1205
8646
6646
3335
6383
4038
1670
9714
7625
259
4939
410
2169
7906
975
343
7293
4337
9467
2946
3337
236
2569
3220
8843
2729
6808
4663
396
8861
1413
3128
2150
5169
6525
8718
7052
7456
5451
2213
347
6535
5423
643
9931
4447
5262
9147
7697
823
9472
928
2581
6857
7018
7825
1802
5727
7032
3763
5999
4607
5655
4300
6962
5090
4124
6827
1100
7426
6005
4166
7773
593
6202
2075
4468
7335
6718
2296
5690
5235
728
1910
9756
8194
5385
3535
676
4814
3145
2864
9747
8301
1219
9514
9629
7275
9481
2611
5504
18
9653
5417
4050
3637
1006
6519
8743
5900
9699
9648
2876
1914
9351
6215
4931
5034
5945
3057
4043
2024
9486
4307
938
5660
5261
7429
1690
7168
9527
5320
9614
9059
1250
5219
832
5751
5921
6521
5080
8276
4609
8919
7211
2607
9873
7273
4477
3494
4687
9452
7028
7746
1067
3086
9915
1391
6731
8546
1535
9287
8699
3055
1450
8282
5006
7352
5897
2842
4293
6806
3980
6835
9787
3010
1626
1192
6043
1487
8415
2552
2478
5379
1539
4912
9141
342
2775
1530
9519
7972
8814
9618
7207
8829
5126
4425
7982
4363
531
5171
2944
6211
5670
2875
501
9076
6927
4487
8311
5821
7772
8310
3915
6843
2524
7317
9790
7312
5284
5937
1869
7199
2029
1254
5025
2420
5561
9734
8869
5329
1936
1046
9477
8162
3643
2386
1461
1170
524
9233
2539
6679
8504
5587
3322
9608
8418
4151
2780
3326
7782
1960
1035
8600
9470
9927
5292
1737
7812
5541
1192
6381
757
4807
5480
713
926
8476
2781
2047
4038
3274
1738
6497
4488
3412
8782
109
9371
4184
9905
8742
8335
4612
9723
7171
631
5481
5323
4689
189
520
4507
2996
1878
8217
4478
9706
8340
2987
4066
3952
4978
3845
5384
4463
8831
5275
8732
2814
4250
1581
9955
155
4198
9673
5905
3107
1914
2304
2453
7726
3752
165
1905
6809
9383
8850
8473
6907
4544
6549
3703
329
5394
7368
3657
8469
4386
446
1176
8304
834
553
6693
7840
1500
9785
7122
813
9036
8527
6523
2198
5576
8223
9983
8785
204
1876
2895
3151
9958
7933
7217
157
5563
3509
65
3895
1508
4640
5461
1447
3848
6098
8172
5483
9607
7946
8274
6853
209
3243
50
1963
2065
1931
7001
5023
2057
8852
6482
8217
5179
8071
7188
8752
3697
4529
8996
8345
2441
9862
5736
422
897
8042
7994
239
2763
3039
2837
1629
6957
9656
6799
6931
6023
2043
1618
3512
3586
8965
6872
8431
4082
5272
4931
6600
5271
1600
1783
8495
7414
83
1557
1121
4223
6838
7092
3327
5579
8300
6750
3660
4643
2729
7076
2448
8368
8549
1711
4463
9738
5517
181
7460
8847
6979
9283
5462
3795
8981
7565
6541
3710
9611
5583
8878
8615
6186
4751
4609
9339
885
6674
2980
4409
7364
2391
24
3469
109
6468
2409
5703
8510
875
2011
487
1660
3368
4544
9432
9893
9962
8887
4694
2834
9371
8270
4317
8217
7310
9448
4975
8015
788
9033
1170
4459
4123
3086
8324
2005
3972
4713
3371
9645
7407
730
3998
7368
9541
9210
825
2004
5842
6193
865
9357
8957
5671
3253
233
5301
8744
9564
573
442
6752
2081
2355
4260
7589
3592
4179
7604
3604
4604
8958
2726
8932
5494
425
5839
4343
5724
966
3545
9183
868
8623
4888
9053
6611
8460
24
1124
3014
5988
7045
2524
9180
5087
